 84 
 68 
 1 
 8 
 35 
 18 
 6 
 18 
 6 
 152 
 38 
 2 
 80 
 128 
 0 
 0 
 64 
 228 
 240 
 3 
 15 
 128 
 2 
 0 
 60 
 46 
 0 
 112 
 255 
 255 
 0 
 0 
 0 
 0 
 0 
 0 
 0 
 0 
 252 
 15 
 16 
 255 
 255 
 251 
 15 
 63 
 9 
 226 
 0 
 60 
 25 
 128 
 255 
 255 
 255 
 255 
 255 
 255 
 255 
 15 
 184 
 193 
 232 
 83 
 252 
 240 
 244 
 255 
 255 
 255 
 17 
 16 
 255 
 95 
 162 
 244 
 255 
 255 
 255 
 255 
 252 
 11 
 3 
 5 
 1 
 224 
 86 
 21 
 106 
 129 
 129 
 253 
 62 
 255 
 255 
 255 
 255 
 255 
 255 
 255 
 255 
 255 
 255 
 0 
 0 
 0 
 0 
 0 
 0 
 0 
 0 
 0 
 0 
 0 
 0 
 0 
 0 
 0 
 0 
 0 
 0 
 16 
 255 
 255 
 255 
 255 
 31 
 242 
